35 105 110 99 108 117 100 101 32 60 117 110 105 115 116 100 46 104 62 
10 35 105 110 99 108 117 100 101 32 60 102 99 110 116 108 46 104 62 
10 35 105 110 99 108 117 100 101 32 60 115 116 100 108 105 98 46 104 62 
10 35 105 110 99 108 117 100 101 32 60 115 121 115 47 116 121 112 101 115 46 104 62 32 47 42 32 100 101 102 105 110 101 115 32 116 121 112 101 115 32 117 115 101 100 32 98 121 32 115 121 115 47 115 116 97 116 46 104 32 42 47 
10 35 105 110 99 108 117 100 101 32 60 115 121 115 47 115 116 97 116 46 104 62 32 47 42 32 100 101 102 105 110 101 115 32 83 95 73 82 69 65 68 32 38 32 83 95 73 87 82 73 84 69 32 42 47 
10 35 105 110 99 108 117 100 101 32 60 115 116 100 105 111 46 104 62 
10 35 100 101 102 105 110 101 32 70 73 76 69 95 77 79 68 69 32 40 83 95 73 82 85 83 82 32 124 32 83 95 73 87 85 83 82 32 124 32 83 95 73 82 71 82 80 124 32 83 95 73 87 71 82 80 32 124 32 83 95 73 82 79 84 72 32 124 32 83 95 73 87 79 84 72 41 
10 47 42 74 111 104 110 32 77 101 121 101 114 115 32 67 79 83 67 32 51 53 48 
10 32 42 84 104 105 115 32 112 114 111 103 114 97 109 32 116 97 107 101 115 32 97 32 102 105 108 101 32 105 110 32 102 111 114 109 32 116 104 101 32 99 111 109 109 97 110 100 32 108 105 110 101 32 97 110 100 32 108 101 116 115 32 116 104 101 32 117 115 101 114 32 99 114 101 97 116 101 32 97 32 110 101 119 32 102 105 108 101 32 98 121 32 99 111 109 109 97 110 100 32 108 105 110 101 32 105 110 112 117 116 
10 32 42 105 116 32 114 101 97 100 115 32 102 114 111 109 32 116 104 101 32 102 105 114 115 116 32 102 105 108 101 32 119 104 105 108 101 32 101 114 114 111 114 32 99 104 101 99 99 107 105 110 103 32 97 110 100 32 114 101 97 100 115 32 105 110 32 99 104 97 114 97 99 104 116 101 114 115 32 116 111 32 98 101 32 99 111 110 118 101 114 116 101 100 32 116 105 32 65 83 67 73 73 32 99 111 100 101 
10 32 42 97 110 100 32 119 114 105 116 101 32 116 104 97 116 32 99 111 100 101 32 116 111 32 116 104 101 32 110 101 119 32 99 114 101 97 116 101 100 32 102 105 108 101 32 119 105 116 104 32 97 32 115 112 97 99 101 32 105 110 32 98 101 116 119 101 101 110 32 101 97 99 104 32 111 102 32 116 104 101 109 32 
10 32 32 42 47 
10 105 110 116 32 109 97 105 110 40 105 110 116 32 97 114 103 99 44 32 99 104 97 114 32 42 97 114 103 118 91 93 41 123 
10 9 
10 9 105 102 40 97 114 103 99 32 60 32 51 41 123 
10 9 9 112 114 105 110 116 102 40 34 110 101 101 100 32 116 119 111 32 97 114 103 117 109 101 110 116 115 32 102 111 114 32 105 110 112 117 116 32 97 110 100 32 111 117 116 112 117 116 34 41 59 
10 9 9 114 101 116 117 114 110 32 45 49 59 
10 9 125 47 47 99 104 101 99 107 115 32 116 111 32 109 97 107 101 32 115 117 114 101 32 116 104 101 114 101 32 97 114 101 32 116 119 111 32 97 114 103 117 109 101 110 116 115 
10 9 105 110 116 32 115 111 117 114 99 101 44 32 116 97 114 103 101 116 59 
10 9 105 102 40 40 115 111 117 114 99 101 32 61 32 111 112 101 110 40 97 114 103 118 91 49 93 44 32 79 95 82 68 79 78 76 89 41 41 32 60 32 48 41 123 
10 9 9 112 114 105 110 116 102 40 34 102 105 108 101 32 111 112 101 110 32 101 114 114 111 114 34 41 59 
10 9 125 
10 9 116 97 114 103 101 116 32 61 32 111 112 101 110 40 97 114 103 118 91 50 93 44 32 79 95 87 82 79 78 76 89 32 124 32 79 95 67 82 69 65 84 32 124 32 79 95 69 88 67 76 44 32 70 73 76 69 95 77 79 68 69 41 59 
10 9 105 102 40 116 97 114 103 101 116 32 33 61 32 45 49 41 123 47 47 32 103 111 101 115 32 116 104 114 111 117 103 104 32 116 104 101 32 102 117 110 99 116 105 111 110 32 111 110 108 121 32 105 102 32 116 104 101 32 102 105 108 101 32 104 97 115 32 110 111 116 32 121 101 116 32 98 101 101 110 32 99 114 101 97 116 101 100 
10 9 9 99 104 97 114 32 99 104 59 
10 9 9 105 110 116 32 104 111 108 100 44 32 112 117 116 59 
10 9 9 105 102 40 40 112 117 116 32 61 32 100 117 112 50 40 116 97 114 103 101 116 44 32 49 41 41 32 60 32 48 41 123 
10 9 9 9 112 114 105 110 116 102 40 34 101 114 114 111 114 34 41 59 
10 9 9 125 
10 9 9 119 104 105 108 101 40 40 114 101 97 100 40 115 111 117 114 99 101 44 32 38 99 104 44 32 49 41 41 32 62 32 48 41 123 
10 9 9 9 105 102 40 99 104 32 61 61 32 49 48 41 
10 32 32 32 32 32 32 32 32 32 32 32 32 9 9 123 32 
10 32 32 32 32 32 32 32 32 32 32 32 32 9 9 32 32 32 32 112 114 105 110 116 102 40 34 92 110 34 41 59 
10 32 32 32 32 32 32 32 32 32 32 32 32 9 9 125 
10 32 32 32 32 32 32 32 32 32 32 32 32 9 9 105 102 40 38 99 104 32 61 61 32 34 32 34 41 
10 32 32 32 32 32 32 32 32 32 32 32 32 9 9 123 
10 32 32 32 32 32 32 32 32 32 32 32 32 9 9 32 32 32 32 112 114 105 110 116 102 40 34 37 100 32 34 44 32 40 105 110 116 41 99 104 41 59 
10 32 32 32 32 32 32 32 32 32 32 32 32 9 9 125 47 47 32 99 111 110 118 101 114 116 115 32 116 104 101 32 99 104 97 114 115 32 116 111 32 105 110 116 101 103 101 114 115 32 109 101 97 110 105 110 103 32 105 116 32 119 105 108 108 32 112 114 105 110 116 65 83 67 73 73 32 99 111 100 101 32 119 101 32 100 111 110 116 32 110 101 101 100 32 97 110 121 32 99 111 110 118 101 114 115 105 111 110 32 104 101 114 101 
10 32 32 32 32 32 32 32 32 32 32 32 32 9 9 112 114 105 110 116 102 40 34 37 100 32 34 44 32 99 104 41 59 
10 9 9 125 
10 9 99 108 111 115 101 40 115 111 117 114 99 101 41 59 
10 9 99 108 111 115 101 40 116 97 114 103 101 116 41 59 
10 9 125 
10 9 101 108 115 101 123 
10 9 9 112 114 105 110 116 102 40 34 111 112 101 110 32 116 97 114 103 101 116 32 102 105 108 101 32 101 114 114 111 114 34 41 59 
10 9 125 
10 9 114 101 116 117 114 110 32 48 59 
10 125 
10 